0 0.7124923437499999 0.07868692656250001 0.692476003125 0.0934683828125 0.675319140625 0.0734699421875 0.6495838468749999 0.0586884828125 0.6481541078124999 0.0586884828125 0.63743106875 0.0778174296875 0.6181295984374999 0.09868537031249999 0.6181295984374999 0.1491162234375 0.6324269828125 0.194330096875 0.659592015625 0.21867602812500003 0.68747191875 0.23258798593750002 0.6939873671875 0.2484375 0.70346289375 0.2484375 0.7067733890625 0.22910999687500003 0.7196410359375001 0.2143285375 0.7225005125 0.21780653125 0.7367978984375 0.2108505484375 0.7489506765625 0.2143285375 0.7668224078125 0.196069090625 0.768967015625 0.1865046171875 0.7646778000000001 0.18215713125 0.7625331921875 0.167375671875 0.775 0.139937115625 0.775 0.10946109531249999 0.7375127671875 0.0760784328125 0.7124923437499999 0.07868692656250001
0 0.9166343875 0.4697719828125 0.9157444484375 0.4697719828125 0.9059551171875 0.47039490781250004 0.898390634375 0.474443909375 0.8943859046875 0.47226367812500003 0.8926060265625001 0.474755371875 0.8948308734375001 0.478804375 0.8979456625 0.47755852968749996 0.9010604499999999 0.48441068906250007 0.9099598437499999 0.4859679953125 0.911739721875 0.493443078125 0.9059551171875 0.49904939062500003 0.90061548125 0.5009181609375 0.90061548125 0.504655703125 0.9041752375 0.506835934375 0.9108497828125 0.5252121828125 0.91307463125 0.524589259375 0.919749175 0.5273924156249999 0.9227086734375 0.5359375 0.92654149375 0.5359375 0.9304284453125 0.5239663328125 0.9375479609375 0.5199173296875 0.9428875968750001 0.5133766343749999 0.9734375 0.5001948609375 0.9734375 0.4945817328125 0.9353231125000001 0.4763126796875 0.9166343875 0.4697719828125
0 0.54110461875 0.46774683437500003 0.5214019453125001 0.446255971875 0.5107518515625 0.437846503125 0.495309215625 0.4336417671875 0.47720405781249997 0.4336417671875 0.47081400156250003 0.44018246562499996 0.4580338890625 0.4705499921875 0.45004631875 0.4784922640625 0.4330061703125 0.4883033109375 0.434603684375 0.4962455875 0.451643834375 0.511195753125 0.4742614484375 0.5375 0.49399944375000004 0.5375 0.5102193453125 0.5191380296875 0.546875 0.48561934375 0.546875 0.4828473046875 0.5427021328125 0.47662349375 0.54110461875 0.46774683437500003
0 0.478787346875 0.7504509734375 0.4719304390625 0.7504509734375 0.465073528125 0.7543572234375 0.4369602 0.7510090078125 0.43147467187500005 0.75603133125 0.43147467187500005 0.8246697234375 0.44038865468750005 0.8347143671874999 0.4376458921875 0.8442009734375 0.44176003750000004 0.85368758125 0.44116299999999997 0.86875 0.53328026875 0.86875 0.537071078125 0.8425268671874999 0.5500992046875 0.8347143671874999 0.570669934375 0.8280179390625 0.584375 0.807941471875 0.584375 0.791742509375 0.4931868578125 0.7593795453125 0.478787346875 0.7504509734375
0 0.1460218953125 0.73395193125 0.1359918421875 0.722700371875 0.130776215625 0.722700371875 0.10469807499999999 0.724024084375 0.0958716265625 0.73527564375 0.0918596046875 0.7465272015625 0.0818295515625 0.7478509140625 0.0806259453125 0.7591024703125 0.0782187328125 0.762411753125 0.07541031718749999 0.7591024703125 0.07701512656250001 0.8021231312499999 0.0754650421875 0.8609375 0.1082302265625 0.8609375 0.1071052875 0.831244809375 0.11151851093750001 0.8193313953124999 0.129973809375 0.8160221140624999 0.15605195 0.8047705562499999 0.1625 0.7946168265625 0.1625 0.7527549453125 0.14842910781250002 0.7465272015625 0.1460218953125 0.73395193125
0 0.0558117828125 0.4238216375 0.0530763125 0.4337884140625 0.04924665625 0.437110671875 0.04924665625 0.4454163203125 0.0514350328125 0.44292462656250003 0.051982125000000004 0.45206083750000003 0.0552646875 0.4566289453125 0.0525292203125 0.46410402968750003 0.04924665625 0.4653498765625 0.0530763125 0.4674262890625 0.04924665625 0.4695026984375 0.0503408421875 0.4823764546875 0.07113040937500001 0.4915126671875 0.085354846875 0.502310009375 0.09553420625 0.5046875 0.12280342343749999 0.5046875 0.1324049171875 0.500233596875 0.14936482812500002 0.498572465625 0.1671875 0.4880877625 0.1671875 0.4474826875 0.156477046875 0.44417047500000006 0.1417055140625 0.43129671875 0.1362345765625 0.42257578906250004 0.11384686875000001 0.4171875 0.10385531875000001 0.4171875 0.0596414390625 0.421745225 0.0558117828125 0.4238216375
1 0.252516084375 0.45663153906250004 0.23479024375000002 0.46862281875 0.23479024375000002 0.6215116265625 0.29956794531250003 0.6703125 0.3006068109375 0.6703125 0.309829634375 0.6684774703125 0.3640625 0.6279278374999999 0.3640625 0.463330084375 0.351189928125 0.45663153906250004 0.252516084375 0.45663153906250004
1 0.6081522421875001 0.474593803125 0.6081522421875001 0.4840933875 0.616395125 0.48330175468750003 0.6221651390625 0.4896348125 0.6221651390625 0.6234375 0.7622893625 0.6234375 0.7614698203125 0.4896348125 0.7647669703125 0.4864682828125 0.784549884375 0.4896348125 0.790625 0.4859882890625 0.790625 0.485308109375 0.7532269390625 0.4587611609375 0.710228828125 0.4484375 0.6830340859375 0.4484375 0.6328808859375 0.4595527921875 0.6081522421875001 0.474593803125
1 0.70139490625 0.7430063875 0.6844131124999999 0.7569183484375 0.6384207578125001 0.780394778125 0.6391283328124999 0.9160363921875 0.665968075 0.9265625 0.7541243078125001 0.9265625 0.7855962953125 0.9134278984374999 0.790625 0.9077237609375001 0.790625 0.7859357265625 0.707055503125 0.7430063875 0.70139490625 0.7430063875
1 0.3464710609375 0.090196746875 0.33550000468749996 0.08653706875 0.332757240625 0.07799782499999999 0.31698635 0.06945858125 0.3108151328125 0.06945858125 0.2724164390625 0.080437609375 0.2367605109375 0.11459458593750001 0.23196067343750001 0.1292332890625 0.234017746875 0.2597617359375 0.29093009375 0.3244160125 0.31835773125 0.3244160125 0.3765625 0.26624166250000003 0.3765625 0.11531300625 0.360184878125 0.107275234375 0.3464710609375 0.090196746875
1 0.8361956125000001 0.3173938421875 0.8786646828125001 0.360544278125 0.89865633125 0.371875 0.9096404109374999 0.371875 0.9118112765624999 0.3716401078125 0.9356353890625 0.3445169734375 0.9397787125000001 0.330955409375 0.9397787125000001 0.148490709375 0.9453125 0.13437691093749998 0.9453125 0.124742571875 0.9397808328125 0.1078125 0.8910875671875 0.1078125 0.8843617531250001 0.11397036093749999 0.874531721875 0.1078125 0.83515998125 0.1078125 0.8393031046875 0.24218879843750002 0.8361956125000001 0.3173938421875
1 0.4437549234375 0.12835665000000002 0.4283925296875 0.168509265625 0.43237537187499997 0.26416696875 0.43009946250000003 0.3421102828125 0.4438730984375 0.346875 0.47616284531249997 0.346875 0.5546875 0.3397500015625 0.5546875 0.1425358140625 0.5399121359375 0.11300417812500001 0.537636228125 0.1011945859375 0.5484468 0.1047374640625 0.5507227109375 0.0976517078125 0.5529986234375001 0.1035565046875 0.5546875 0.0982984015625 0.5546875 0.0964707484375 0.4619622078125 0.0964707484375 0.4437549234375 0.12835665000000002
2 0.09302109374999999 0.0607389390625 0.07377068437499999 0.0607389390625 0.08704682968750001 0.07436539375 0.087710634375 0.07890754375 0.071115453125 0.0899384828125 0.05518408125 0.0756631515625 0.0512012390625 0.076960909375 0.0326146375 0.1288712109375 0.03195083125 0.145742053125 0.035933671875 0.159368509375 0.0498736265625 0.1632617796875 0.09102966875 0.1995989890625 0.09169923125 0.2015625 0.1141334265625 0.2015625 0.1765625 0.13875997499999998 0.1765625 0.13453569999999998 0.110280078125 0.067227728125 0.09302109374999999 0.0607389390625